*3DSMAX_ASCIIEXPORT	110
*COMMENT "[ Kerrax ASCII Model Exporter ] - Oct 20 2011"
*SCENE {
	*SCENE_FILENAME "new_sld_n.blend"
	*SCENE_FIRSTFRAME 0
	*SCENE_LASTFRAME 100
	*SCENE_FRAMESPEED 25
	*SCENE_TICKSPERFRAME 192
	*SCENE_BACKGROUND_STATIC 0	0	0
	*SCENE_AMBIENT_STATIC 0.2	0.2	0.2
}
*MATERIAL_LIST {
	*MATERIAL_COUNT 1
	*MATERIAL 0 {
		*MATERIAL_NAME "MultiMtl #0"
		*MATERIAL_CLASS "Multi/Sub-Object"
		*NUMSUBMTLS 4
		*SUBMATERIAL 0 {
			*MATERIAL_NAME "Ruestung1.001"
			*MATERIAL_CLASS "Standard"
			*MATERIAL_DIFFUSE 0.7020000219345093	0.5019999742507935	0.9961000084877014
			*MAP_DIFFUSE {
				*BITMAP "HUM_SLDL1_ARMOR_V0-C.tga"
			}
		}
		*SUBMATERIAL 1 {
			*MATERIAL_NAME "Ruestung2.002"
			*MATERIAL_CLASS "Standard"
			*MATERIAL_DIFFUSE 0.7020000219345093	0.5019999742507935	0.9961000084877014
			*MAP_DIFFUSE {
				*BITMAP "Armor_SLD_M.tga"
			}
		}
		*SUBMATERIAL 2 {
			*MATERIAL_NAME "Ruestung1"
			*MATERIAL_CLASS "Standard"
			*MATERIAL_DIFFUSE 0.7020000219345093	0.5019999742507935	0.9961000084877014
			*MAP_DIFFUSE {
				*BITMAP "HUM_SLDL2_ARMOR_V0-C.tga"
			}
		}
		*SUBMATERIAL 3 {
			*MATERIAL_NAME "Nacked_Muscel0"
			*MATERIAL_CLASS "Standard"
			*MATERIAL_DIFFUSE 0.7020000219345093	0.5019999742507935	0.9961000084877014
			*MAP_DIFFUSE {
				*BITMAP "Hum_Body_Naked_V0_C0.tga"
			}
		}
	}
}
*HELPEROBJECT {
	*NODE_NAME "Bip01"
	*NODE_TM {
		*NODE_NAME "Bip01"
		*TM_ROW0 0.024638745933771133	-0.9937620759010315	0.10876510292291641
		*TM_ROW1 0.9996928572654724	0.02478279173374176	-2.739650517469272e-05
		*TM_ROW2 -0.0026682764291763306	0.10873237252235413	0.9940674901008606
		*TM_ROW3 0.11420000344514847	6.469900131225586	98.14929962158203
		*TM_POS 0.11420000344514847	6.469900131225586	98.14929962158203
		*TM_ROTAXIS 0.0543927438557148	0.05572986602783203	0.9969632029533386
		*TM_ROTANGLE 1.5490501181893241
		*TM_SCALE 1	1	1
		*TM_SCALEAXIS 0	0	0
		*TM_SCALEAXISANG 0	0	0
	}
}
*HELPEROBJECT {
	*NODE_NAME "Bip01 Footsteps"
	*NODE_PARENT "Bip01"
	*NODE_TM {
		*NODE_NAME "Bip01 Footsteps"
		*TM_ROW0 1.0	2.782326014028058e-08	-7.482013302251289e-07
		*TM_ROW1 -2.7823269022064778e-08	1.0	-1.1175862013601545e-08
		*TM_ROW2 7.482013302251289e-07	1.1175882441705198e-08	1.0
		*TM_ROW3 0.11419997364282608	6.469902038574219	-0.1417999267578125
		*TM_POS 0.11419997364282608	6.469902038574219	-0.1417999267578125
		*TM_ROTAXIS 0.0	0.0	1.0
		*TM_ROTANGLE 0.0
		*TM_SCALE 1	1	1
		*TM_SCALEAXIS 0	0	0
		*TM_SCALEAXISANG 0	0	0
	}
}
*HELPEROBJECT {
	*NODE_NAME "Bip01 Pelvis"
	*NODE_PARENT "Bip01"
	*NODE_TM {
		*NODE_NAME "Bip01 Pelvis"
		*TM_ROW0 -0.021919390186667442	0.1081334576010704	0.9938943982124329
		*TM_ROW1 0.02462775819003582	-0.9937729239463806	0.1086634173989296
		*TM_ROW2 0.9994560480117798	0.026859264820814133	0.01912037283182144
		*TM_ROW3 -0.1722000241279602	8.04110050201416	97.97679901123047
		*TM_POS -0.1722000241279602	8.04110050201416	97.97679901123047
		*TM_ROTAXIS -0.6990006566047668	-0.047523222863674164	-0.7135400176048279
		*TM_ROTANGLE 3.083044132243198
		*TM_SCALE 1	1	1
		*TM_SCALEAXIS 0	0	0
		*TM_SCALEAXISANG 0	0	0
	}
}
*HELPEROBJECT {
	*NODE_NAME "Bip01 Spine"
	*NODE_PARENT "Bip01 Pelvis"
	*NODE_TM {
		*NODE_NAME "Bip01 Spine"
		*TM_ROW0 0.010669542476534843	-0.04104861617088318	0.9991349577903748
		*TM_ROW1 0.019733428955078125	-0.9990240931510925	-0.041254039853811264
		*TM_ROW2 0.9997830986976624	0.020157262682914734	-0.00991862639784813
		*TM_ROW3 -0.1809026002883911	8.390399932861328	100.3543930053711
		*TM_POS -0.1809026002883911	8.390399932861328	100.3543930053711
		*TM_ROTAXIS 0.7107312083244324	-0.007501127663999796	0.7034486532211304
		*TM_ROTANGLE 3.098376301597746
		*TM_SCALE 1	1	1
		*TM_SCALEAXIS 0	0	0
		*TM_SCALEAXISANG 0	0	0
	}
}
*HELPEROBJECT {
	*NODE_NAME "Bip01 Spine1"
	*NODE_PARENT "Bip01 Spine"
	*NODE_TM {
		*NODE_NAME "Bip01 Spine1"
		*TM_ROW0 0.011518840678036213	-0.010015090927481651	0.9999432563781738
		*TM_ROW1 0.019390679895877838	-0.9998804330825806	-0.010238398797810078
		*TM_ROW2 0.9998053908348083	0.01950695365667343	-0.011442704126238823
		*TM_ROW3 -0.07579803466796875	7.9972004890441895	110.17280578613281
		*TM_POS -0.07579803466796875	7.9972004890441895	110.17280578613281
		*TM_ROTAXIS 0.7111721038818359	0.0032961831893771887	0.7030531764030457
		*TM_ROTANGLE 3.120678222564153
		*TM_SCALE 1	1	1
		*TM_SCALEAXIS 0	0	0
		*TM_SCALEAXISANG 0	0	0
	}
}
*HELPEROBJECT {
	*NODE_NAME "Bip01 Spine2"
	*NODE_PARENT "Bip01 Spine1"
	*NODE_TM {
		*NODE_NAME "Bip01 Spine2"
		*TM_ROW0 0.013573920354247093	0.10424594581127167	0.9944685697555542
		*TM_ROW1 0.010570625774562359	-0.9945294857025146	0.10410692542791367
		*TM_ROW2 0.9998615980148315	0.009097911417484283	-0.014620788395404816
		*TM_ROW3 0.07200691103935242	7.892801284790039	122.95870208740234
		*TM_POS 0.07200691103935242	7.892801284790039	122.95870208740234
		*TM_ROTAXIS -0.7115095853805542	-0.040387656539678574	-0.7015217542648315
		*TM_ROTANGLE 3.0747771480125015
		*TM_SCALE 1	1	1
		*TM_SCALEAXIS 0	0	0
		*TM_SCALEAXISANG 0	0	0
	}
}
*HELPEROBJECT {
	*NODE_NAME "Bip01 Neck"
	*NODE_PARENT "Bip01 Spine2"
	*NODE_TM {
		*NODE_NAME "Bip01 Neck"
		*TM_ROW0 0.016372771933674812	-0.24217702448368073	0.9700968265533447
		*TM_ROW1 0.005284962709993124	-0.9701952934265137	-0.24229009449481964
		*TM_ROW2 0.9998548030853271	0.00909455493092537	-0.014610450714826584
		*TM_ROW3 0.479309618473053	11.023810386657715	152.77784729003906
		*TM_POS 0.479309618473053	11.023810386657715	152.77784729003906
		*TM_ROTAXIS 0.7101237177848816	-0.08406180143356323	0.699042797088623
		*TM_ROTANGLE 2.9636545608410914
		*TM_SCALE 1	1	1
		*TM_SCALEAXIS 0	0	0
		*TM_SCALEAXISANG 0	0	0
	}
}
*HELPEROBJECT {
	*NODE_NAME "Bip01 Head"
	*NODE_PARENT "Bip01 Neck"
	*NODE_TM {
		*NODE_NAME "Bip01 Head"
		*TM_ROW0 -0.010626482777297497	0.0022191067691892385	0.9999585747718811
		*TM_ROW1 -0.04248451441526413	-0.9991301894187927	0.0017664849292486906
		*TM_ROW2 0.9990581274032593	-0.0424632765352726	0.010676580481231213
		*TM_ROW3 0.591413140296936	9.367411613464355	159.41244506835938
		*TM_POS 0.591413140296936	9.367411613464355	159.41244506835938
		*TM_ROTAXIS -0.7032631635665894	0.014317316934466362	-0.7107976078987122
		*TM_ROTANGLE 3.1101413726799043
		*TM_SCALE 1	1	1
		*TM_SCALEAXIS 0	0	0
		*TM_SCALEAXISANG 0	0	0
	}
}
*HELPEROBJECT {
	*NODE_NAME "Bip01 L Clavicle"
	*NODE_PARENT "Bip01 Neck"
	*NODE_TM {
		*NODE_NAME "Bip01 L Clavicle"
		*TM_ROW0 0.986937403678894	0.08262813091278076	-0.1383010447025299
		*TM_ROW1 -0.09734080731868744	0.98988276720047	-0.10323216021060944
		*TM_ROW2 0.1283719390630722	0.1153460144996643	0.984995424747467
		*TM_ROW3 8.344615936279297	12.46761417388916	146.84573364257812
		*TM_POS 8.344615936279297	12.46761417388916	146.84573364257812
		*TM_ROTAXIS 0.5619745850563049	-0.6856285333633423	-0.462708443403244
		*TM_ROTANGLE 0.19572053797179226
		*TM_SCALE 1	1	1
		*TM_SCALEAXIS 0	0	0
		*TM_SCALEAXISANG 0	0	0
	}
}
*HELPEROBJECT {
	*NODE_NAME "Bip01 L UpperArm"
	*NODE_PARENT "Bip01 L Clavicle"
	*NODE_TM {
		*NODE_NAME "Bip01 L UpperArm"
		*TM_ROW0 0.11129098385572433	-0.034232478588819504	-0.9931980967521667
		*TM_ROW1 0.33484309911727905	0.9422603845596313	0.005043417681008577
		*TM_ROW2 0.9356786012649536	-0.33312681317329407	0.11632759869098663
		*TM_ROW3 21.496612548828125	13.56872844696045	145.00274658203125
		*TM_POS 21.496612548828125	13.56872844696045	145.00274658203125
		*TM_ROTAXIS -0.16969838738441467	-0.9679363965988159	0.18520709872245789
		*TM_ROTANGLE 1.4857543406247717
		*TM_SCALE 1	1	1
		*TM_SCALEAXIS 0	0	0
		*TM_SCALEAXISANG 0	0	0
	}
}
*HELPEROBJECT {
	*NODE_NAME "Bip01 L Forearm"
	*NODE_PARENT "Bip01 L UpperArm"
	*NODE_TM {
		*NODE_NAME "Bip01 L Forearm"
		*TM_ROW0 -0.03628053143620491	-0.41875144839286804	-0.9073758721351624
		*TM_ROW1 0.3509814739227295	0.8447924852371216	-0.4039030373096466
		*TM_ROW2 0.9356793165206909	-0.33312591910362244	0.11632447689771652
		*TM_ROW3 24.60223388671875	12.613454818725586	117.28642272949219
		*TM_POS 24.60223388671875	12.613454818725586	117.28642272949219
		*TM_ROTAXIS 0.03541357070207596	-0.9221790432929993	0.38513854146003723
		*TM_ROTANGLE 1.608386912983634
		*TM_SCALE 1	1	1
		*TM_SCALEAXIS 0	0	0
		*TM_SCALEAXISANG 0	0	0
	}
}
*HELPEROBJECT {
	*NODE_NAME "Bip01 L Hand"
	*NODE_PARENT "Bip01 L Forearm"
	*NODE_TM {
		*NODE_NAME "Bip01 L Hand"
		*TM_ROW0 -0.1149270310997963	-0.47970297932624817	-0.8698715567588806
		*TM_ROW1 -0.9359049201011658	0.3458119034767151	-0.06705132126808167
		*TM_ROW2 0.3329766094684601	0.8064112067222595	-0.4886994957923889
		*TM_ROW3 23.59305191040039	0.9652566909790039	92.04656982421875
		*TM_POS 23.59305191040039	0.9652566909790039	92.04656982421875
		*TM_ROTAXIS 0.5617266297340393	-0.7735556364059448	-0.29338499903678894
		*TM_ROTANGLE 2.2509436360277935
		*TM_SCALE 1	1	1
		*TM_SCALEAXIS 0	0	0
		*TM_SCALEAXISANG 0	0	0
	}
}
*HELPEROBJECT {
	*NODE_NAME "Bip01 L Finger0"
	*NODE_PARENT "Bip01 L Hand"
	*NODE_TM {
		*NODE_NAME "Bip01 L Finger0"
		*TM_ROW0 -0.11492700129747391	-0.47970297932624817	-0.8698714971542358
		*TM_ROW1 -0.9365432858467102	0.3442610204219818	-0.06611169874668121
		*TM_ROW2 0.3311767578125	0.8070744276046753	-0.4888274669647217
		*TM_ROW3 22.11394691467285	-5.208463668823242	80.85136413574219
		*TM_POS 22.11394691467285	-5.208463668823242	80.85136413574219
		*TM_ROTAXIS 0.5620403289794922	-0.7730740904808044	-0.2940526306629181
		*TM_ROTANGLE 2.252023878225411
		*TM_SCALE 1	1	1
		*TM_SCALEAXIS 0	0	0
		*TM_SCALEAXISANG 0	0	0
	}
}
*HELPEROBJECT {
	*NODE_NAME "Bip01 R Clavicle"
	*NODE_PARENT "Bip01 Neck"
	*NODE_TM {
		*NODE_NAME "Bip01 R Clavicle"
		*TM_ROW0 -0.9861809015274048	0.09047786146402359	-0.13881878554821014
		*TM_ROW1 0.10561911016702652	0.9887533187866211	-0.10588468611240387
		*TM_ROW2 0.1276773363351822	-0.11908282339572906	-0.9846458435058594
		*TM_ROW3 -7.580983638763428	12.322714805603027	147.0785369873047
		*TM_POS -7.580983638763428	12.322714805603027	147.0785369873047
		*TM_ROTAXIS -0.04938467592000961	-0.9971728920936584	0.05665537714958191
		*TM_ROTANGLE 3.0075659188188535
		*TM_SCALE 1	1	1
		*TM_SCALEAXIS 0	0	0
		*TM_SCALEAXISANG 0	0	0
	}
}
*HELPEROBJECT {
	*NODE_NAME "Bip01 R UpperArm"
	*NODE_PARENT "Bip01 R Clavicle"
	*NODE_TM {
		*NODE_NAME "Bip01 R UpperArm"
		*TM_ROW0 -0.1606019139289856	-0.09321907162666321	-0.982607364654541
		*TM_ROW1 -0.49957501888275146	0.8662704825401306	-0.0005294285947456956
		*TM_ROW2 0.851253092288971	0.490801066160202	-0.185694620013237
		*TM_ROW3 -20.72266387939453	13.52839469909668	145.22865295410156
		*TM_POS -20.72266387939453	13.52839469909668	145.22865295410156
		*TM_ROTAXIS 0.25306233763694763	-0.9445394277572632	-0.20929576456546783
		*TM_ROTANGLE 1.8131756077148047
		*TM_SCALE 1	1	1
		*TM_SCALEAXIS 0	0	0
		*TM_SCALEAXISANG 0	0	0
	}
}
*HELPEROBJECT {
	*NODE_NAME "Bip01 R Forearm"
	*NODE_PARENT "Bip01 R UpperArm"
	*NODE_TM {
		*NODE_NAME "Bip01 R Forearm"
		*TM_ROW0 -0.03216802328824997	-0.3043965697288513	-0.9520020484924316
		*TM_ROW1 -0.5237687230110168	0.8163679838180542	-0.24333035945892334
		*TM_ROW2 0.8512529134750366	0.49080145359039307	-0.1856943517923355
		*TM_ROW3 -25.20461654663086	10.926970481872559	117.80780029296875
		*TM_POS -25.20461654663086	10.926970481872559	117.80780029296875
		*TM_ROTAXIS 0.37469351291656494	-0.9203632473945618	-0.11196534335613251
		*TM_ROTANGLE 1.7729169614738516
		*TM_SCALE 1	1	1
		*TM_SCALEAXIS 0	0	0
		*TM_SCALEAXISANG 0	0	0
	}
}
*HELPEROBJECT {
	*NODE_NAME "Bip01 R Hand"
	*NODE_PARENT "Bip01 R Forearm"
	*NODE_TM {
		*NODE_NAME "Bip01 R Hand"
		*TM_ROW0 0.08107365667819977	-0.39125657081604004	-0.9167035222053528
		*TM_ROW1 0.8540836572647095	0.5013699531555176	-0.13845324516296387
		*TM_ROW2 0.5137783288955688	-0.7717165946960449	0.3748137354850769
		*TM_ROW3 -26.099456787109375	2.4597434997558594	91.32672119140625
		*TM_POS -26.099456787109375	2.4597434997558594	91.32672119140625
		*TM_ROTAXIS -0.31670400500297546	-0.7154043316841125	0.6228123903274536
		*TM_ROTANGLE 1.5921692600191528
		*TM_SCALE 1	1	1
		*TM_SCALEAXIS 0	0	0
		*TM_SCALEAXISANG 0	0	0
	}
}
*HELPEROBJECT {
	*NODE_NAME "Bip01 R Finger0"
	*NODE_PARENT "Bip01 R Hand"
	*NODE_TM {
		*NODE_NAME "Bip01 R Finger0"
		*TM_ROW0 0.08107364177703857	-0.3912566006183624	-0.9167035222053528
		*TM_ROW1 0.8550726175308228	0.49988117814064026	-0.1377304196357727
		*TM_ROW2 0.5121307969093323	-0.7726817727088928	0.3750799596309662
		*TM_ROW3 -25.056167602539062	-2.575638771057129	79.52891540527344
		*TM_POS -25.056167602539062	-2.575638771057129	79.52891540527344
		*TM_ROTAXIS -0.317552387714386	-0.7145898342132568	0.6233152151107788
		*TM_ROTANGLE 1.5927806642639522
		*TM_SCALE 1	1	1
		*TM_SCALEAXIS 0	0	0
		*TM_SCALEAXISANG 0	0	0
	}
}
*HELPEROBJECT {
	*NODE_NAME "Bip01 L Thigh"
	*NODE_PARENT "Bip01 Pelvis"
	*NODE_TM {
		*NODE_NAME "Bip01 L Thigh"
		*TM_ROW0 0.11076485365629196	-0.011716324836015701	-0.9937579035758972
		*TM_ROW1 0.05573808401823044	-0.9982393980026245	0.0179807860404253
		*TM_ROW2 -0.9922627210617065	-0.05738266929984093	-0.10987765341997147
		*TM_ROW3 8.833099365234375	8.282999038696289	98.14899444580078
		*TM_POS 8.833099365234375	8.282999038696289	98.14899444580078
		*TM_ROTAXIS -0.7450340390205383	-0.014781187288463116	0.6668461561203003
		*TM_ROTANGLE 3.090993874843606
		*TM_SCALE 1	1	1
		*TM_SCALEAXIS 0	0	0
		*TM_SCALEAXISANG 0	0	0
	}
}
*HELPEROBJECT {
	*NODE_NAME "Bip01 L Calf"
	*NODE_PARENT "Bip01 L Thigh"
	*NODE_TM {
		*NODE_NAME "Bip01 L Calf"
		*TM_ROW0 0.09951664507389069	0.1601385623216629	-0.9820547699928284
		*TM_ROW1 0.07395249605178833	-0.9854022860527039	-0.1531931608915329
		*TM_ROW2 -0.9922736287117004	-0.057382527738809586	-0.10988637059926987
		*TM_ROW3 13.364938735961914	7.803645610809326	57.48485565185547
		*TM_POS 13.364938735961914	7.803645610809326	57.48485565185547
		*TM_ROTAXIS 0.7411313652992249	0.07904674857854843	-0.6666817665100098
		*TM_ROTANGLE 3.0769094675110855
		*TM_SCALE 1	1	1
		*TM_SCALEAXIS 0	0	0
		*TM_SCALEAXISANG 0	0	0
	}
}
*HELPEROBJECT {
	*NODE_NAME "Bip01 L Foot"
	*NODE_PARENT "Bip01 L Calf"
	*NODE_TM {
		*NODE_NAME "Bip01 L Foot"
		*TM_ROW0 -0.000745988916605711	0.0328979417681694	-0.9994525909423828
		*TM_ROW1 0.13986794650554657	-0.9896189570426941	-0.03267966955900192
		*TM_ROW2 -0.9901639819145203	-0.1398167759180069	-0.0038514642510563135
		*TM_ROW3 17.837852478027344	15.001670837402344	13.34200668334961
		*TM_POS 17.837852478027344	15.001670837402344	13.34200668334961
		*TM_ROTAXIS -0.7063282132148743	-0.061237480491399765	0.7052266001701355
		*TM_ROTANGLE 3.0656788814281386
		*TM_SCALE 1	1	1
		*TM_SCALEAXIS 0	0	0
		*TM_SCALEAXISANG 0	0	0
	}
}
*HELPEROBJECT {
	*NODE_NAME "Bip01 L Toe0"
	*NODE_PARENT "Bip01 L Foot"
	*NODE_TM {
		*NODE_NAME "Bip01 L Toe0"
		*TM_ROW0 0.1398434191942215	-0.9896333813667297	-0.032705266028642654
		*TM_ROW1 0.0007657598471269011	-0.03292176499962807	0.9994576573371887
		*TM_ROW2 -0.99017333984375	-0.13979265093803406	-0.003846102626994252
		*TM_ROW3 20.99565315246582	-6.99193000793457	-0.017683982849121094
		*TM_POS 20.99565315246582	-6.99193000793457	-0.017683982849121094
		*TM_ROTAXIS -0.6373059153556824	0.5356154441833496	0.55403733253479
		*TM_ROTANGLE 2.0358403567787295
		*TM_SCALE 1	1	1
		*TM_SCALEAXIS 0	0	0
		*TM_SCALEAXISANG 0	0	0
	}
}
*HELPEROBJECT {
	*NODE_NAME "Bip01 R Thigh"
	*NODE_PARENT "Bip01 Pelvis"
	*NODE_TM {
		*NODE_NAME "Bip01 R Thigh"
		*TM_ROW0 -0.1225670725107193	0.02929709665477276	-0.9920212030410767
		*TM_ROW1 -0.07352622598409653	-0.9970738291740417	-0.020361680537462234
		*TM_ROW2 -0.9897263646125793	0.07044418901205063	0.12437548488378525
		*TM_ROW3 -9.177603721618652	7.799100399017334	97.8045883178711
		*TM_POS -9.177603721618652	7.799100399017334	97.8045883178711
		*TM_ROTAXIS 0.6618525385856628	-0.016726264730095863	-0.7494435906410217
		*TM_ROTANGLE 3.0729389617617735
		*TM_SCALE 1	1	1
		*TM_SCALEAXIS 0	0	0
		*TM_SCALEAXISANG 0	0	0
	}
}
*HELPEROBJECT {
	*NODE_NAME "Bip01 R Calf"
	*NODE_PARENT "Bip01 R Thigh"
	*NODE_TM {
		*NODE_NAME "Bip01 R Calf"
		*TM_ROW0 -0.11426165699958801	0.13285039365291595	-0.9845264554023743
		*TM_ROW1 -0.08587728440761566	-0.9886270761489868	-0.1234370768070221
		*TM_ROW2 -0.9897305965423584	0.0704442709684372	0.12437372654676437
		*TM_ROW3 -14.193367004394531	8.997820854187012	57.2120361328125
		*TM_POS -14.193367004394531	8.997820854187012	57.2120361328125
		*TM_ROTAXIS 0.6632193922996521	0.01780206896364689	-0.748212456703186
		*TM_ROTANGLE 2.9949002939652134
		*TM_SCALE 1	1	1
		*TM_SCALEAXIS 0	0	0
		*TM_SCALEAXISANG 0	0	0
	}
}
*HELPEROBJECT {
	*NODE_NAME "Bip01 R Foot"
	*NODE_PARENT "Bip01 R Calf"
	*NODE_TM {
		*NODE_NAME "Bip01 R Foot"
		*TM_ROW0 -0.01849832944571972	0.021732725203037262	-0.999578595161438
		*TM_ROW1 -0.08977727591991425	-0.9957336783409119	-0.01998675987124443
		*TM_ROW2 -0.9957759380340576	0.08937068283557892	0.0203985795378685
		*TM_ROW3 -19.329456329345703	14.969289779663086	12.959648132324219
		*TM_POS -19.329456329345703	14.969289779663086	12.959648132324219
		*TM_ROTAXIS 0.6999698281288147	-0.024339860305190086	-0.7137478590011597
		*TM_ROTANGLE 3.0633971649101377
		*TM_SCALE 1	1	1
		*TM_SCALEAXIS 0	0	0
		*TM_SCALEAXISANG 0	0	0
	}
}
*HELPEROBJECT {
	*NODE_NAME "Bip01 R Toe0"
	*NODE_PARENT "Bip01 R Foot"
	*NODE_TM {
		*NODE_NAME "Bip01 R Toe0"
		*TM_ROW0 -0.08974989503622055	-0.9957636594772339	-0.019977761432528496
		*TM_ROW1 0.018549775704741478	-0.02172621339559555	0.999591588973999
		*TM_ROW2 -0.9957912564277649	0.08934295922517776	0.020421428605914116
		*TM_ROW3 -21.596044540405273	-7.304216384887695	-0.11446666717529297
		*TM_POS -21.596044540405273	-7.304216384887695	-0.11446666717529297
		*TM_ROTAXIS -0.5430477261543274	0.5821632742881775	0.6051320433616638
		*TM_ROTANGLE 2.147815184048827
		*TM_SCALE 1	1	1
		*TM_SCALEAXIS 0	0	0
		*TM_SCALEAXISANG 0	0	0
	}
}
*GEOMOBJECT {
	*NODE_NAME "zm_Hose.003"
	*NODE_PARENT "Bip01"
	*NODE_TM {
		*NODE_NAME "zm_Hose.003"
		*TM_ROW0 -0.03995252773165703	0.13371197879314423	0.9902145862579346
		*TM_ROW1 0.025309400632977486	-0.9905524849891663	0.13477876782417297
		*TM_ROW2 0.9988809823989868	0.03044648841023445	0.03619086742401123
		*TM_ROW3 -0.2623981535434723	7.155303478240967	76.31809997558594
		*TM_POS -0.2623981535434723	7.155303478240967	76.31809997558594
		*TM_ROTAXIS 0.6923030614852905	0.05750651657581329	0.7193117737770081
		*TM_ROTANGLE 3.2170157390744043
		*TM_SCALE 1	1	1
		*TM_SCALEAXIS 0	0	0
		*TM_SCALEAXISANG 0	0	0
	}
	*MATERIAL_REF 0
	*MESH_SOFTSKIN {
		*TIMEVALUE 0
		*MESH_NUMVERTEX 45
		*MESH_NUMFACES 86
		*MESH_VERTEX_LIST {
			*MESH_VERTEX 0	32.40265655517578	13.961867332458496	149.56045532226562
			*MESH_VERTEX 1	33.3054084777832	14.551257133483887	142.62696838378906
			*MESH_VERTEX 2	32.79874038696289	14.718968391418457	140.755615234375
			*MESH_VERTEX 3	31.893543243408203	14.981988906860352	137.8354949951172
			*MESH_VERTEX 4	30.137956619262695	8.54903507232666	137.67007446289062
			*MESH_VERTEX 5	30.98505210876465	8.196844100952148	140.424560546875
			*MESH_VERTEX 6	31.42774200439453	7.7990570068359375	142.2842254638672
			*MESH_VERTEX 7	31.498380661010742	7.724081993103027	145.82139587402344
			*MESH_VERTEX 8	30.77655601501465	8.114287376403809	149.26361083984375
			*MESH_VERTEX 9	29.311492919921875	8.943079948425293	152.3763427734375
			*MESH_VERTEX 10	25.794002532958984	5.447648048400879	152.54014587402344
			*MESH_VERTEX 11	26.468517303466797	3.8332724571228027	149.46429443359375
			*MESH_VERTEX 12	26.693391799926758	2.9492335319519043	146.04519653320312
			*MESH_VERTEX 13	26.453277587890625	2.8557727336883545	142.5159454345703
			*MESH_VERTEX 14	26.180072784423828	3.4219985008239746	140.64834594726562
			*MESH_VERTEX 15	25.489294052124023	3.8110501766204834	138.32858276367188
			*MESH_VERTEX 16	16.585895538330078	2.2589187622070312	139.95883178710938
			*MESH_VERTEX 17	17.009113311767578	1.9403752088546753	141.32940673828125
			*MESH_VERTEX 18	17.439096450805664	1.2238149642944336	144.5362548828125
			*MESH_VERTEX 19	17.87900733947754	1.3690979480743408	147.8176727294922
			*MESH_VERTEX 20	18.29883575439453	2.3663134574890137	150.95001220703125
			*MESH_VERTEX 21	18.670007705688477	4.147509574890137	153.7198028564453
			*MESH_VERTEX 22	11.95430850982666	18.909351348876953	144.36196899414062
			*MESH_VERTEX 23	12.41036319732666	18.978084564208984	145.494384765625
			*MESH_VERTEX 24	13.80373477935791	19.140695571899414	147.5496826171875
			*MESH_VERTEX 25	15.431503295898438	18.561429977416992	150.34597778320312
			*MESH_VERTEX 26	16.940378189086914	16.72219467163086	152.93798828125
			*MESH_VERTEX 27	18.195837020874023	15.07470989227295	155.09451293945312
			*MESH_VERTEX 28	25.984296798706055	19.65415382385254	153.97084045410156
			*MESH_VERTEX 29	26.69478416442871	22.40554428100586	151.16542053222656
			*MESH_VERTEX 30	26.93869972229004	24.27094078063965	147.88963317871094
			*MESH_VERTEX 31	26.707740783691406	24.974462509155273	144.42929077148438
			*MESH_VERTEX 32	26.697526931762695	25.14797019958496	143.2987823486328
			*MESH_VERTEX 33	26.480350494384766	24.774620056152344	140.94802856445312
			*MESH_VERTEX 34	30.285654067993164	21.386194229125977	138.78054809570312
			*MESH_VERTEX 35	31.135135650634766	21.24077606201172	141.55291748046875
			*MESH_VERTEX 36	31.583118438720703	21.30312728881836	143.45237731933594
			*MESH_VERTEX 37	31.648456573486328	20.76801300048828	146.9497528076172
			*MESH_VERTEX 38	30.911128997802734	19.809158325195312	150.27525329589844
			*MESH_VERTEX 39	29.421361923217773	17.878822326660156	153.2023162841797
			*MESH_VERTEX 40	30.63921356201172	13.717607498168945	152.61866760253906
			*MESH_VERTEX 41	33.31206512451172	14.246212005615234	146.15249633789062
			*MESH_VERTEX 42	19.568706512451172	6.12824010848999	154.89028930664062
			*MESH_VERTEX 43	19.959949493408203	12.743825912475586	156.62002563476562
			*MESH_VERTEX 44	16.66847038269043	14.27592945098877	141.06344604492188
		}
		*MESH_FACE_LIST {
			*MESH_FACE    0:    A:    9 B:    0 C:    40 AB:    1 BC:    1 CA:    1	 *MESH_SMOOTHING 0 	*MESH_MTLID 0
			*MESH_FACE    1:    A:    8 B:    0 C:    9 AB:    1 BC:    1 CA:    1	 *MESH_SMOOTHING 0 	*MESH_MTLID 0
			*MESH_FACE    2:    A:    41 B:    0 C:    8 AB:    1 BC:    1 CA:    1	 *MESH_SMOOTHING 0 	*MESH_MTLID 0
			*MESH_FACE    3:    A:    8 B:    7 C:    41 AB:    1 BC:    1 CA:    1	 *MESH_SMOOTHING 0 	*MESH_MTLID 0
			*MESH_FACE    4:    A:    7 B:    1 C:    41 AB:    1 BC:    1 CA:    1	 *MESH_SMOOTHING 0 	*MESH_MTLID 0
			*MESH_FACE    5:    A:    7 B:    6 C:    1 AB:    1 BC:    1 CA:    1	 *MESH_SMOOTHING 0 	*MESH_MTLID 0
			*MESH_FACE    6:    A:    6 B:    2 C:    1 AB:    1 BC:    1 CA:    1	 *MESH_SMOOTHING 0 	*MESH_MTLID 0
			*MESH_FACE    7:    A:    6 B:    5 C:    2 AB:    1 BC:    1 CA:    1	 *MESH_SMOOTHING 0 	*MESH_MTLID 0
			*MESH_FACE    8:    A:    5 B:    3 C:    2 AB:    1 BC:    1 CA:    1	 *MESH_SMOOTHING 0 	*MESH_MTLID 0
			*MESH_FACE    9:    A:    5 B:    4 C:    3 AB:    1 BC:    1 CA:    1	 *MESH_SMOOTHING 0 	*MESH_MTLID 0
			*MESH_FACE    10:    A:    14 B:    4 C:    5 AB:    1 BC:    1 CA:    1	 *MESH_SMOOTHING 0 	*MESH_MTLID 0
			*MESH_FACE    11:    A:    14 B:    15 C:    4 AB:    1 BC:    1 CA:    1	 *MESH_SMOOTHING 0 	*MESH_MTLID 0
			*MESH_FACE    12:    A:    13 B:    5 C:    6 AB:    1 BC:    1 CA:    1	 *MESH_SMOOTHING 0 	*MESH_MTLID 0
			*MESH_FACE    13:    A:    13 B:    14 C:    5 AB:    1 BC:    1 CA:    1	 *MESH_SMOOTHING 0 	*MESH_MTLID 0
			*MESH_FACE    14:    A:    12 B:    6 C:    7 AB:    1 BC:    1 CA:    1	 *MESH_SMOOTHING 0 	*MESH_MTLID 0
			*MESH_FACE    15:    A:    12 B:    13 C:    6 AB:    1 BC:    1 CA:    1	 *MESH_SMOOTHING 0 	*MESH_MTLID 0
			*MESH_FACE    16:    A:    11 B:    7 C:    8 AB:    1 BC:    1 CA:    1	 *MESH_SMOOTHING 0 	*MESH_MTLID 0
			*MESH_FACE    17:    A:    11 B:    12 C:    7 AB:    1 BC:    1 CA:    1	 *MESH_SMOOTHING 0 	*MESH_MTLID 0
			*MESH_FACE    18:    A:    10 B:    8 C:    9 AB:    1 BC:    1 CA:    1	 *MESH_SMOOTHING 0 	*MESH_MTLID 0
			*MESH_FACE    19:    A:    10 B:    11 C:    8 AB:    1 BC:    1 CA:    1	 *MESH_SMOOTHING 0 	*MESH_MTLID 0
			*MESH_FACE    20:    A:    21 B:    11 C:    10 AB:    1 BC:    1 CA:    1	 *MESH_SMOOTHING 0 	*MESH_MTLID 0
			*MESH_FACE    21:    A:    21 B:    20 C:    11 AB:    1 BC:    1 CA:    1	 *MESH_SMOOTHING 0 	*MESH_MTLID 0
			*MESH_FACE    22:    A:    20 B:    12 C:    11 AB:    1 BC:    1 CA:    1	 *MESH_SMOOTHING 0 	*MESH_MTLID 0
			*MESH_FACE    23:    A:    20 B:    19 C:    12 AB:    1 BC:    1 CA:    1	 *MESH_SMOOTHING 0 	*MESH_MTLID 0
			*MESH_FACE    24:    A:    19 B:    13 C:    12 AB:    1 BC:    1 CA:    1	 *MESH_SMOOTHING 0 	*MESH_MTLID 0
			*MESH_FACE    25:    A:    19 B:    18 C:    13 AB:    1 BC:    1 CA:    1	 *MESH_SMOOTHING 0 	*MESH_MTLID 0
			*MESH_FACE    26:    A:    18 B:    14 C:    13 AB:    1 BC:    1 CA:    1	 *MESH_SMOOTHING 0 	*MESH_MTLID 0
			*MESH_FACE    27:    A:    18 B:    17 C:    14 AB:    1 BC:    1 CA:    1	 *MESH_SMOOTHING 0 	*MESH_MTLID 0
			*MESH_FACE    28:    A:    17 B:    15 C:    14 AB:    1 BC:    1 CA:    1	 *MESH_SMOOTHING 0 	*MESH_MTLID 0
			*MESH_FACE    29:    A:    17 B:    16 C:    15 AB:    1 BC:    1 CA:    1	 *MESH_SMOOTHING 0 	*MESH_MTLID 0
			*MESH_FACE    30:    A:    32 B:    22 C:    23 AB:    1 BC:    1 CA:    1	 *MESH_SMOOTHING 0 	*MESH_MTLID 0
			*MESH_FACE    31:    A:    32 B:    33 C:    22 AB:    1 BC:    1 CA:    1	 *MESH_SMOOTHING 0 	*MESH_MTLID 0
			*MESH_FACE    32:    A:    31 B:    23 C:    24 AB:    1 BC:    1 CA:    1	 *MESH_SMOOTHING 0 	*MESH_MTLID 0
			*MESH_FACE    33:    A:    31 B:    32 C:    23 AB:    1 BC:    1 CA:    1	 *MESH_SMOOTHING 0 	*MESH_MTLID 0
			*MESH_FACE    34:    A:    30 B:    24 C:    25 AB:    1 BC:    1 CA:    1	 *MESH_SMOOTHING 0 	*MESH_MTLID 0
			*MESH_FACE    35:    A:    30 B:    31 C:    24 AB:    1 BC:    1 CA:    1	 *MESH_SMOOTHING 0 	*MESH_MTLID 0
			*MESH_FACE    36:    A:    29 B:    25 C:    26 AB:    1 BC:    1 CA:    1	 *MESH_SMOOTHING 0 	*MESH_MTLID 0
			*MESH_FACE    37:    A:    29 B:    30 C:    25 AB:    1 BC:    1 CA:    1	 *MESH_SMOOTHING 0 	*MESH_MTLID 0
			*MESH_FACE    38:    A:    28 B:    26 C:    27 AB:    1 BC:    1 CA:    1	 *MESH_SMOOTHING 0 	*MESH_MTLID 0
			*MESH_FACE    39:    A:    28 B:    29 C:    26 AB:    1 BC:    1 CA:    1	 *MESH_SMOOTHING 0 	*MESH_MTLID 0
			*MESH_FACE    40:    A:    39 B:    29 C:    28 AB:    1 BC:    1 CA:    1	 *MESH_SMOOTHING 0 	*MESH_MTLID 0
			*MESH_FACE    41:    A:    39 B:    38 C:    29 AB:    1 BC:    1 CA:    1	 *MESH_SMOOTHING 0 	*MESH_MTLID 0
			*MESH_FACE    42:    A:    38 B:    30 C:    29 AB:    1 BC:    1 CA:    1	 *MESH_SMOOTHING 0 	*MESH_MTLID 0
			*MESH_FACE    43:    A:    38 B:    37 C:    30 AB:    1 BC:    1 CA:    1	 *MESH_SMOOTHING 0 	*MESH_MTLID 0
			*MESH_FACE    44:    A:    37 B:    31 C:    30 AB:    1 BC:    1 CA:    1	 *MESH_SMOOTHING 0 	*MESH_MTLID 0
			*MESH_FACE    45:    A:    37 B:    36 C:    31 AB:    1 BC:    1 CA:    1	 *MESH_SMOOTHING 0 	*MESH_MTLID 0
			*MESH_FACE    46:    A:    36 B:    32 C:    31 AB:    1 BC:    1 CA:    1	 *MESH_SMOOTHING 0 	*MESH_MTLID 0
			*MESH_FACE    47:    A:    36 B:    35 C:    32 AB:    1 BC:    1 CA:    1	 *MESH_SMOOTHING 0 	*MESH_MTLID 0
			*MESH_FACE    48:    A:    35 B:    33 C:    32 AB:    1 BC:    1 CA:    1	 *MESH_SMOOTHING 0 	*MESH_MTLID 0
			*MESH_FACE    49:    A:    35 B:    34 C:    33 AB:    1 BC:    1 CA:    1	 *MESH_SMOOTHING 0 	*MESH_MTLID 0
			*MESH_FACE    50:    A:    2 B:    34 C:    35 AB:    1 BC:    1 CA:    1	 *MESH_SMOOTHING 0 	*MESH_MTLID 0
			*MESH_FACE    51:    A:    2 B:    3 C:    34 AB:    1 BC:    1 CA:    1	 *MESH_SMOOTHING 0 	*MESH_MTLID 0
			*MESH_FACE    52:    A:    1 B:    35 C:    36 AB:    1 BC:    1 CA:    1	 *MESH_SMOOTHING 0 	*MESH_MTLID 0
			*MESH_FACE    53:    A:    1 B:    2 C:    35 AB:    1 BC:    1 CA:    1	 *MESH_SMOOTHING 0 	*MESH_MTLID 0
			*MESH_FACE    54:    A:    41 B:    36 C:    37 AB:    1 BC:    1 CA:    1	 *MESH_SMOOTHING 0 	*MESH_MTLID 0
			*MESH_FACE    55:    A:    41 B:    1 C:    36 AB:    1 BC:    1 CA:    1	 *MESH_SMOOTHING 0 	*MESH_MTLID 0
			*MESH_FACE    56:    A:    0 B:    37 C:    38 AB:    1 BC:    1 CA:    1	 *MESH_SMOOTHING 0 	*MESH_MTLID 0
			*MESH_FACE    57:    A:    0 B:    41 C:    37 AB:    1 BC:    1 CA:    1	 *MESH_SMOOTHING 0 	*MESH_MTLID 0
			*MESH_FACE    58:    A:    40 B:    38 C:    39 AB:    1 BC:    1 CA:    1	 *MESH_SMOOTHING 0 	*MESH_MTLID 0
			*MESH_FACE    59:    A:    40 B:    0 C:    38 AB:    1 BC:    1 CA:    1	 *MESH_SMOOTHING 0 	*MESH_MTLID 0
			*MESH_FACE    60:    A:    40 B:    43 C:    9 AB:    1 BC:    1 CA:    1	 *MESH_SMOOTHING 0 	*MESH_MTLID 0
			*MESH_FACE    61:    A:    9 B:    43 C:    10 AB:    1 BC:    1 CA:    1	 *MESH_SMOOTHING 0 	*MESH_MTLID 0
			*MESH_FACE    62:    A:    10 B:    42 C:    21 AB:    1 BC:    1 CA:    1	 *MESH_SMOOTHING 0 	*MESH_MTLID 0
			*MESH_FACE    63:    A:    10 B:    43 C:    42 AB:    1 BC:    1 CA:    1	 *MESH_SMOOTHING 0 	*MESH_MTLID 0
			*MESH_FACE    64:    A:    27 B:    43 C:    28 AB:    1 BC:    1 CA:    1	 *MESH_SMOOTHING 0 	*MESH_MTLID 0
			*MESH_FACE    65:    A:    28 B:    43 C:    39 AB:    1 BC:    1 CA:    1	 *MESH_SMOOTHING 0 	*MESH_MTLID 0
			*MESH_FACE    66:    A:    39 B:    43 C:    40 AB:    1 BC:    1 CA:    1	 *MESH_SMOOTHING 0 	*MESH_MTLID 0
			*MESH_FACE    67:    A:    27 B:    44 C:    43 AB:    1 BC:    1 CA:    1	 *MESH_SMOOTHING 0 	*MESH_MTLID 0
			*MESH_FACE    68:    A:    43 B:    44 C:    42 AB:    1 BC:    1 CA:    1	 *MESH_SMOOTHING 0 	*MESH_MTLID 0
			*MESH_FACE    69:    A:    42 B:    44 C:    21 AB:    1 BC:    1 CA:    1	 *MESH_SMOOTHING 0 	*MESH_MTLID 0
			*MESH_FACE    70:    A:    34 B:    44 C:    33 AB:    1 BC:    1 CA:    1	 *MESH_SMOOTHING 0 	*MESH_MTLID 0
			*MESH_FACE    71:    A:    26 B:    44 C:    27 AB:    1 BC:    1 CA:    1	 *MESH_SMOOTHING 0 	*MESH_MTLID 0
			*MESH_FACE    72:    A:    25 B:    44 C:    26 AB:    1 BC:    1 CA:    1	 *MESH_SMOOTHING 0 	*MESH_MTLID 0
			*MESH_FACE    73:    A:    24 B:    44 C:    25 AB:    1 BC:    1 CA:    1	 *MESH_SMOOTHING 0 	*MESH_MTLID 0
			*MESH_FACE    74:    A:    23 B:    44 C:    24 AB:    1 BC:    1 CA:    1	 *MESH_SMOOTHING 0 	*MESH_MTLID 0
			*MESH_FACE    75:    A:    33 B:    44 C:    22 AB:    1 BC:    1 CA:    1	 *MESH_SMOOTHING 0 	*MESH_MTLID 0
			*MESH_FACE    76:    A:    22 B:    44 C:    23 AB:    1 BC:    1 CA:    1	 *MESH_SMOOTHING 0 	*MESH_MTLID 0
			*MESH_FACE    77:    A:    21 B:    44 C:    20 AB:    1 BC:    1 CA:    1	 *MESH_SMOOTHING 0 	*MESH_MTLID 0
			*MESH_FACE    78:    A:    20 B:    44 C:    19 AB:    1 BC:    1 CA:    1	 *MESH_SMOOTHING 0 	*MESH_MTLID 0
			*MESH_FACE    79:    A:    19 B:    44 C:    18 AB:    1 BC:    1 CA:    1	 *MESH_SMOOTHING 0 	*MESH_MTLID 0
			*MESH_FACE    80:    A:    18 B:    44 C:    17 AB:    1 BC:    1 CA:    1	 *MESH_SMOOTHING 0 	*MESH_MTLID 0
			*MESH_FACE    81:    A:    17 B:    44 C:    16 AB:    1 BC:    1 CA:    1	 *MESH_SMOOTHING 0 	*MESH_MTLID 0
			*MESH_FACE    82:    A:    16 B:    44 C:    15 AB:    1 BC:    1 CA:    1	 *MESH_SMOOTHING 0 	*MESH_MTLID 0
			*MESH_FACE    83:    A:    15 B:    44 C:    4 AB:    1 BC:    1 CA:    1	 *MESH_SMOOTHING 0 	*MESH_MTLID 0
			*MESH_FACE    84:    A:    4 B:    44 C:    3 AB:    1 BC:    1 CA:    1	 *MESH_SMOOTHING 0 	*MESH_MTLID 0
			*MESH_FACE    85:    A:    3 B:    44 C:    34 AB:    1 BC:    1 CA:    1	 *MESH_SMOOTHING 0 	*MESH_MTLID 0
		}
		*MESH_NUMTVERTEX 258
		*MESH_TVERTLIST {
			*MESH_TVERT 0	0.371263325214386	0.36645543575286865	0
			*MESH_TVERT 1	0.4976033568382263	0.35667309165000916	0
			*MESH_TVERT 2	0.4469006657600403	0.42605912685394287	0
			*MESH_TVERT 3	0.4075431227684021	0.3042662739753723	0
			*MESH_TVERT 4	0.4976033568382263	0.35667309165000916	0
			*MESH_TVERT 5	0.371263325214386	0.36645543575286865	0
			*MESH_TVERT 6	0.5353622436523438	0.28874048590660095	0
			*MESH_TVERT 7	0.4976033568382263	0.35667309165000916	0
			*MESH_TVERT 8	0.4075431227684021	0.3042662739753723	0
			*MESH_TVERT 9	0.4075431227684021	0.3042662739753723	0
			*MESH_TVERT 10	0.4508982300758362	0.24061957001686096	0
			*MESH_TVERT 11	0.5353622436523438	0.28874048590660095	0
			*MESH_TVERT 12	0.4508982300758362	0.24061957001686096	0
			*MESH_TVERT 13	0.5727776288986206	0.20003579556941986	0
			*MESH_TVERT 14	0.5353622436523438	0.28874048590660095	0
			*MESH_TVERT 15	0.4508982300758362	0.24061957001686096	0
			*MESH_TVERT 16	0.4464958608150482	0.17266204953193665	0
			*MESH_TVERT 17	0.5727776288986206	0.20003579556941986	0
			*MESH_TVERT 18	0.4464958608150482	0.17266204953193665	0
			*MESH_TVERT 19	0.5968079566955566	0.09524135291576385	0
			*MESH_TVERT 20	0.5727776288986206	0.20003579556941986	0
			*MESH_TVERT 21	0.4464958608150482	0.17266204953193665	0
			*MESH_TVERT 22	0.477807879447937	0.08652548491954803	0
			*MESH_TVERT 23	0.5968079566955566	0.09524135291576385	0
			*MESH_TVERT 24	0.477807879447937	0.08652548491954803	0
			*MESH_TVERT 25	0.5983985662460327	0.014059944078326225	0
			*MESH_TVERT 26	0.5968079566955566	0.09524135291576385	0
			*MESH_TVERT 27	0.477807879447937	0.08652548491954803	0
			*MESH_TVERT 28	0.4850313067436218	0.004983691498637199	0
			*MESH_TVERT 29	0.5983985662460327	0.014059944078326225	0
			*MESH_TVERT 30	0.31006288528442383	0.08935627341270447	0
			*MESH_TVERT 31	0.4850313067436218	0.004983691498637199	0
			*MESH_TVERT 32	0.477807879447937	0.08652548491954803	0
			*MESH_TVERT 33	0.31006288528442383	0.08935627341270447	0
			*MESH_TVERT 34	0.31963199377059937	0.012058824300765991	0
			*MESH_TVERT 35	0.4850313067436218	0.004983691498637199	0
			*MESH_TVERT 36	0.30590134859085083	0.14421920478343964	0
			*MESH_TVERT 37	0.477807879447937	0.08652548491954803	0
			*MESH_TVERT 38	0.4464958608150482	0.17266204953193665	0
			*MESH_TVERT 39	0.30590134859085083	0.14421920478343964	0
			*MESH_TVERT 40	0.31006288528442383	0.08935627341270447	0
			*MESH_TVERT 41	0.477807879447937	0.08652548491954803	0
			*MESH_TVERT 42	0.3297753632068634	0.19822782278060913	0
			*MESH_TVERT 43	0.4464958608150482	0.17266204953193665	0
			*MESH_TVERT 44	0.4508982300758362	0.24061957001686096	0
			*MESH_TVERT 45	0.3297753632068634	0.19822782278060913	0
			*MESH_TVERT 46	0.30590134859085083	0.14421920478343964	0
			*MESH_TVERT 47	0.4464958608150482	0.17266204953193665	0
			*MESH_TVERT 48	0.2941794693470001	0.2712123394012451	0
			*MESH_TVERT 49	0.4508982300758362	0.24061957001686096	0
			*MESH_TVERT 50	0.4075431227684021	0.3042662739753723	0
			*MESH_TVERT 51	0.2941794693470001	0.2712123394012451	0
			*MESH_TVERT 52	0.3297753632068634	0.19822782278060913	0
			*MESH_TVERT 53	0.4508982300758362	0.24061957001686096	0
			*MESH_TVERT 54	0.2784113585948944	0.3229358494281769	0
			*MESH_TVERT 55	0.4075431227684021	0.3042662739753723	0
			*MESH_TVERT 56	0.371263325214386	0.36645543575286865	0
			*MESH_TVERT 57	0.2784113585948944	0.3229358494281769	0
			*MESH_TVERT 58	0.2941794693470001	0.2712123394012451	0
			*MESH_TVERT 59	0.4075431227684021	0.3042662739753723	0
			*MESH_TVERT 60	0.1321582794189453	0.22644339501857758	0
			*MESH_TVERT 61	0.2941794693470001	0.2712123394012451	0
			*MESH_TVERT 62	0.2784113585948944	0.3229358494281769	0
			*MESH_TVERT 63	0.1321582794189453	0.22644339501857758	0
			*MESH_TVERT 64	0.1281464695930481	0.19151197373867035	0
			*MESH_TVERT 65	0.2941794693470001	0.2712123394012451	0
			*MESH_TVERT 66	0.1281464695930481	0.19151197373867035	0
			*MESH_TVERT 67	0.3297753632068634	0.19822782278060913	0
			*MESH_TVERT 68	0.2941794693470001	0.2712123394012451	0
			*MESH_TVERT 69	0.1281464695930481	0.19151197373867035	0
			*MESH_TVERT 70	0.14898177981376648	0.12061529606580734	0
			*MESH_TVERT 71	0.3297753632068634	0.19822782278060913	0
			*MESH_TVERT 72	0.14898177981376648	0.12061529606580734	0
			*MESH_TVERT 73	0.30590134859085083	0.14421920478343964	0
			*MESH_TVERT 74	0.3297753632068634	0.19822782278060913	0
			*MESH_TVERT 75	0.14898177981376648	0.12061529606580734	0
			*MESH_TVERT 76	0.1339278370141983	0.0833565965294838	0
			*MESH_TVERT 77	0.30590134859085083	0.14421920478343964	0
			*MESH_TVERT 78	0.1339278370141983	0.0833565965294838	0
			*MESH_TVERT 79	0.31006288528442383	0.08935627341270447	0
			*MESH_TVERT 80	0.30590134859085083	0.14421920478343964	0
			*MESH_TVERT 81	0.1339278370141983	0.0833565965294838	0
			*MESH_TVERT 82	0.13054147362709045	0.05141964182257652	0
			*MESH_TVERT 83	0.31006288528442383	0.08935627341270447	0
			*MESH_TVERT 84	0.13054147362709045	0.05141964182257652	0
			*MESH_TVERT 85	0.31963199377059937	0.012058824300765991	0
			*MESH_TVERT 86	0.31006288528442383	0.08935627341270447	0
			*MESH_TVERT 87	0.13054147362709045	0.05141964182257652	0
			*MESH_TVERT 88	0.1432027369737625	0.002673898823559284	0
			*MESH_TVERT 89	0.31963199377059937	0.012058824300765991	0
			*MESH_TVERT 90	0.3158861994743347	0.09059217572212219	0
			*MESH_TVERT 91	0.011067261919379234	0.012573563493788242	0
			*MESH_TVERT 92	0.011067261919379234	0.09573336690664291	0
			*MESH_TVERT 93	0.3158861994743347	0.09059217572212219	0
			*MESH_TVERT 94	0.32757100462913513	0.016278311610221863	0
			*MESH_TVERT 95	0.011067261919379234	0.012573563493788242	0
			*MESH_TVERT 96	0.30981773138046265	0.14425921440124512	0
			*MESH_TVERT 97	0.011067261919379234	0.09573336690664291	0
			*MESH_TVERT 98	0.011067261919379234	0.15096603333950043	0
			*MESH_TVERT 99	0.30981773138046265	0.14425921440124512	0
			*MESH_TVERT 100	0.3158861994743347	0.09059217572212219	0
			*MESH_TVERT 101	0.011067261919379234	0.09573336690664291	0
			*MESH_TVERT 102	0.33337563276290894	0.1959933638572693	0
			*MESH_TVERT 103	0.011067261919379234	0.15096603333950043	0
			*MESH_TVERT 104	0.011067261919379234	0.2143767774105072	0
			*MESH_TVERT 105	0.33337563276290894	0.1959933638572693	0
			*MESH_TVERT 106	0.30981773138046265	0.14425921440124512	0
			*MESH_TVERT 107	0.011067261919379234	0.15096603333950043	0
			*MESH_TVERT 108	0.29625433683395386	0.26605767011642456	0
			*MESH_TVERT 109	0.011067261919379234	0.2143767774105072	0
			*MESH_TVERT 110	0.011067261919379234	0.3310059905052185	0
			*MESH_TVERT 111	0.29625433683395386	0.26605767011642456	0
			*MESH_TVERT 112	0.33337563276290894	0.1959933638572693	0
			*MESH_TVERT 113	0.011067261919379234	0.2143767774105072	0
			*MESH_TVERT 114	0.2880654036998749	0.31869471073150635	0
			*MESH_TVERT 115	0.01000833511352539	0.3336973190307617	0
			*MESH_TVERT 116	0.11572231352329254	0.4170195460319519	0
			*MESH_TVERT 117	0.27979183197021484	0.31925714015960693	0
			*MESH_TVERT 118	0.29625433683395386	0.26605767011642456	0
			*MESH_TVERT 119	0.011067261919379234	0.3310059905052185	0
			*MESH_TVERT 120	0.36374568939208984	0.3576066493988037	0
			*MESH_TVERT 121	0.29625433683395386	0.26605767011642456	0
			*MESH_TVERT 122	0.27979183197021484	0.31925714015960693	0
			*MESH_TVERT 123	0.36374568939208984	0.3576066493988037	0
			*MESH_TVERT 124	0.3993290066719055	0.29790374636650085	0
			*MESH_TVERT 125	0.29625433683395386	0.26605767011642456	0
			*MESH_TVERT 126	0.3993290066719055	0.29790374636650085	0
			*MESH_TVERT 127	0.33337563276290894	0.1959933638572693	0
			*MESH_TVERT 128	0.29625433683395386	0.26605767011642456	0
			*MESH_TVERT 129	0.3993290066719055	0.29790374636650085	0
			*MESH_TVERT 130	0.4428280293941498	0.2361464947462082	0
			*MESH_TVERT 131	0.33337563276290894	0.1959933638572693	0
			*MESH_TVERT 132	0.4428280293941498	0.2361464947462082	0
			*MESH_TVERT 133	0.30981773138046265	0.14425921440124512	0
			*MESH_TVERT 134	0.33337563276290894	0.1959933638572693	0
			*MESH_TVERT 135	0.4428280293941498	0.2361464947462082	0
			*MESH_TVERT 136	0.4383179545402527	0.17175428569316864	0
			*MESH_TVERT 137	0.30981773138046265	0.14425921440124512	0
			*MESH_TVERT 138	0.4383179545402527	0.17175428569316864	0
			*MESH_TVERT 139	0.3158861994743347	0.09059217572212219	0
			*MESH_TVERT 140	0.30981773138046265	0.14425921440124512	0
			*MESH_TVERT 141	0.4383179545402527	0.17175428569316864	0
